X500, h500, X1000, h1000, X1500, h1500, X2000, h2000, X3500, h3500, X4500, h4500, X7500, h7500, X10000, h10000, X61n1500, h61n1500, X61n2500, h61n2500
-0,30654, -11,31677, -7,64234E-4, -0,61925, -0,25, 1,03633, 0,01337, 1,40435, -0,11973, -5,76398, 0,18189, 2,81304, -0,05541, -2,43478, 0, 5,84333, 0, -5,31133, 0, -4,88133
-0,23671, -11,63975, 0,13107, -0,61925, -0,15, 0,6405, 0,12648, 1,72733, 0,05222, -5,57764, 0,28124, 2,49006, 0,01032, -2,43478, 0,098, 4,285, 0,107, -7,1195, 0,136, -6,80675
-0,13927, -11,10559, 0,2629, -0,06025, -0,05, 0,3842, 0,2243, 1,82826, 0,19, -6,1932, 0,39587, 2,0677, 0,06229, -2,80435, 0,196, 3,874, 0,214, -9,9868, 0,272, -6,521
3,97402E-4, -11,63975, 0,36225, -0,06025, 0,05, 0,3192, 0,33894, 2,15124, 0,328, -7,3694, 0,5277, 1,53354, 0,11578, -2,04348, 0,294, 3,8694, 0,32, -10,7318, 0,408, -6,8406
0,12707, -11,31677, 0,47688, -0,61925, 0,15, 0,0074, 0,46886, 2,37329, 0,466, -8,0906, 0,65953, 1,11118, 0,16775, -1,1087, 0,392, 4,276, 0,427, -9,509, 0,544, -6,9702
0,25212, -12,28571, 0,57432, -0,06025, 0,251, -0,5314, 0,61559, 2,37329, 0,604, -8,4148, 0,75697, 0,7882, 0,23347, -1,1087, 0,49, 6,955, 0,534, -9,6386, 0,68, -7,8958
0,33494, -11,75155, 0,70615, -0,61925, 0,351, -0,5018, 0,7287, 1,6163, 0,742, -8,625, 0,85632, 0,46522, 0,2992, -0,93478, 0,588, 6,5664, 0,641, -8,412, 0,817, -7,059
0,442, -12,751, 0,78831, 0,1882, 0,451, -0,5178, 0,85862, 1,19239, 0,92574, -7,9441, 0,98815, 0,46522, 0,36492, -0,17391, 0,686, 8,1656, 0,748, -5,6476, 0,953, -6,7904
0,51683, -13,6646, 0,88766, 0,4677, 0,551, -0,2614, 1,00535, 0,97034, 1,0954, -7,14286, 1,11998, 1,42174, 0,4444, 0,36957, 0,784, 6,9806, 0,854, -5,955, 1,089, -7,3182
0,676, -13,0588, 1,03477, 0,1882, 0,651, 0,9048, 1,15208, 2,47422, 1,21691, -5,76398, 1,2499, 2,0677, 0,48414, 0,56522, 0,882, 6,591, 0,961, -6,9962, 1,225, -6,9926
0,794, -13,7612, 1,1666, 1,5236, 0,71265, 0,90621, 1,21781, 4,30109, 1,33613, -4,38509, 1,33206, 3,13602, 0,54987, -0,36957, 0,98, 5,0662, 1,068, -5,7696, 1,361, -6,3264
0,911, -13,9352, 1,31372, 1,80311, 0,90524, 2,25248, 1,302, 6,4562, 1,433, -2,7428, 1,46389, 5,37205, 0,636, -0,4234, 1,078, 5,9224, 1,175, -5,3916, 1,497, -2,9882
1,03326, -13,03106, 1,41307, 1,5236, 0,9637, 2,25248, 1,421, 9,316, 1,60438, -1,03106, 1,57853, 9,11118, 0,7073, 0, 1,176, 3,9392, 1,282, -4,7838, 1,633, -1,1288
1,14532, -13,13043, 1,5449, 1,5236, 1,051, 2,3866, 1,59228, 13,4354, 1,709, 0,9848, 1,67788, 13,91863, 0,75927, -1,1087, 1,274, 3,604, 1,388, -4,0094, 1,769, 0,6748
1,22976, -13,7764, 1,675, 2,574, 1,17176, 3,1764, 1,657, 15,99, 1,847, 2,9914, 1,79251, 17,44658, 0,81123, -0,56522, 1,372, 4,3486, 1,495, -4,821, 1,905, 1,6814
1,36943, -14,09938, 1,795, 2,2152, 1,25946, 2,93882, 1,80321, 20,30885, 1,985, 6,191, 1,89186, 19,90621, 0,90447, -0,93478, 1,47, 4,3532, 1,602, -4,9582, 2,041, 0,8124
1,53993, -13,56522, 1,914, 2,3206, 1,3334, 2,93882, 1,85212, 22,8927, 2,123, 11,9474, 1,9893, 21,07391, 0,95644, -0,93478, 1,568, 4,8736, 1,709, -4,0206, 2,177, -1,25
1,69259, -12,06211, 2,034, 2,0746, 1,43829, 2,93882, 2,01414, 25,46646, 2,261, 17,0224, 2,12113, 21,93106, 1,02216, -0,17391, 1,666, 4,5994, 1,816, -4,8952, 2,314, -1,5502
1,86148, -9,18012, 2,153, 2,9078, 1,52598, 2,0413, 2,11196, 26,54643, 2,399, 21,1314, 2,23577, 21,29752, 1,08789, -0,17391, 1,764, 2,5626, 1,922, -5,1434, 2,45, -4,0678
2,00115, -5,97516, 2,273, 2,7296, 1,59992, 1,80373, 2,25869, 26,22345, 2,538, 24,3878, 2,31792, 20,32857, 1,172, 0,2668, 1,861, -3,9634, 2,029, -5,5658, 2,586, -5,3908
2,12619, -2,34783, 2,393, 1,8686, 1,73405, 1,59255, 2,38861, 24,93152, 2,676, 27,1326, 2,40008, 18,40311, 1,239, 0,8974, 1,959, -11,4548, 2,136, -5,4176, 2,722, -3,9284
2,26586, 1,81366, 2,512, 1,2814, 1,85097, 1,35497, 2,55216, 22,24674, 2,81722, 28,3354, 2,53191, 14,77578, 1,306, 2,351, 2,057, -21,6742, 2,243, -5,4844, 2,858, -1,4432
2,37791, 4,80745, 2,632, 1,5574, 1,92491, 0,66863, 2,64998, 20,20792, 2,93873, 29,11801, 2,687, 9,1904, 1,372, 3,8334, 2,155, -33,3724, 2,349, -2,2678, 2,994, -1,1182
2,47535, 7,15528, 2,752, 2,0618, 2,01433, 0,21988, 2,76309, 18,80497, 3,10839, 29,32298, 2,8, 6,4106, 1,439, 5,543, 2,253, -47,2894, 2,456, 4,3616, 3,13, 2,6176
2,57279, 9,29193, 2,871, 4,2028, 2,153, -0,1218, 2,8441, 17,73509, 3,228, 29,1908, 2,913, 4,3976, 1,506, 7,7908, 2,351, -61,6048, 2,563, 15,197, 3,266, 2,3174
2,65724, 10,89441, 2,991, 8,1634, 2,26538, 0,0087, 2,94192, 16,76615, 3,366, 27,9014, 3,026, 3,5776, 1,573, 9,1878, 2,449, -76,0346, 2,67, 28,0224, 3,402, 3,7794
2,76606, 12,07453, 3,111, 14,8646, 2,353, 2,962, 3,07184, 16,01925, 3,504, 26,4982, 3,139, 4,268, 1,64, 9,8468, 2,547, -89,5554, 2,777, 41,8706, 3,538, 3,5928
2,8359, 13,03106, 3,23, 26,844, 2,453, 8,562, 3,196, 16,3934, 3,642, 23,9578, 3,252, 6,0058, 1,707, 10,1086, 2,645, -102,11, 2,883, 55,9486, 3,674, 4,8276
2,91872, 13,35404, 3,35, 43,0298, 2,553, 17,5728, 3,315, 17,7186, 3,81225, 20,84472, 3,365, 9,1648, 1,774, 9,9726, 2,743, -111,365, 2,99, 63,7752, 3,811, 8,5644
3,073, 13,67702, 3,469, 57,1826, 2,653, 29,995, 3,433, 20,3394, 3,919, 18,5366, 3,478, 12,638, 1,841, 9,1554, 2,841, -117,7784, 3,097, 64,6608, 3,947, 15,1432
3,18343, 13,46584, 3,589, 69,3452, 2,753, 44,6338, 3,49522, 21,82283, 4,057, 15,087, 3,6324, 16,49006, 1,908, 7,9312, 2,939, -122,543, 3,204, 58,3316, 4,083, 21,154
3,2825, 12,70807, 3,709, 75,183, 2,853, 56,8858, 3,59305, 23,32671, 4,195, 10,5588, 3,74704, 19,37205, 1,975, 6,158, 3,037, -124,5798, 3,311, 46,7068, 4,219, 26,5964
3,40754, 11,32919, 3,828, 70,1608, 2,953, 65,1012, 3,64196, 24,71957, 4,333, 7,2236, 3,86167, 20,86273, 2,042, 3,9024, 3,135, -122,0134, 3,417, 31,0576, 4,355, 32,5508
3,55044, 9,19255, 3,948, 57,416, 3,053, 67,8596, 3,78869, 26,22345, 4,471, 4,3434, 3,94383, 21,93106, 2,109, 1,1082, 3,233, -117,5156, 3,524, 16,9944, 4,491, 35,1568
3,65926, 7,0559, 4,068, 42,8968, 3,154, 62,1588, 3,99962, 26,33447, 4,609, -0,4694, 4,04318, 22,36584, 2,176, -2,1402, 3,331, -113,245, 3,631, 6,4554, 4,627, 37,4216
3,7567, 5,34161, 4,187, 26,9016, 3,254, 50,0218, 4,143, 25,0908, 4,747, -2,5536, 4,17501, 22,04286, 2,243, -6,0888, 3,429, -106,0756, 3,738, -3,2314, 4,763, 37,867
3,85737, 3,31677, 4,307, 14,217, 3,354, 36,1238, 4,262, 22,2, 4,87836, -4,19876, 4,27245, 21,07391, 2,309, -10,6524, 3,527, -97,1484, 3,845, -9,9016, 4,899, 38,7672
3,94182, 1,50311, 4,427, 7,0466, 3,454, 22,6808, 4,38, 16,994, 5,07324, -5,57764, 4,389, 20,11739, 2,376, -15,614, 3,625, -88,4486, 3,951, -12,314, 5,035, 36,6536
4,02465, -0,21118, 4,546, 3,5052, 3,554, 11,0682, 4,498, 11,8316, 5,16953, -6,15528, 4,50363, 18,30373, 2,443, -20,803, 3,723, -78,157, 4,058, -13,4184, 5,171, 34,0218
4,1367, -2,23602, 4,666, 2,6368, 3,65476, 4,31149, 4,617, 7,9196, 5,26812, -6,75155, 4,609, 15,566, 2,51, -26,0484, 3,821, -64,9666, 4,165, -14,971, 5,308, 30,1962
4,23414, -4,48447, 4,785, 3,425, 3,80264, 1,59255, 4,735, 4,36, 5,41256, -6,36025, 4,722, 12,3874, 2,577, -31,1236, 3,919, -51,6636, 4,272, -13,1144, 5,444, 25,2332
4,36081, -7,04348, 4,92854, 4,19441, 3,89205, 0,21988, 4,854, 1,5964, 5,55929, -6,95652, 4,835, 7,3894, 2,644, -35,7446, 4,017, -38,5268, 4,379, -11,3134, 5,58, 18,5644
4,47125, -9,08075, 5,04318, 4,47391, 3,96599, 0,0087, 4,972, 0,6934, 5,65558, -6,56522, 4,948, 2,9598, 2,711, -39,9682, 4,115, -25,9018, 4,485, -10,9392, 5,716, 13,7154
4,667, -10,7104, 5,17501, 5,00186, 4,11387, 0,21988, 5,09, 0,656, 5,82524, -7,14286, 5,07872, 1,32236, 2,778, -43,425, 4,213, -12,9368, 4,592, -10,0536, 5,852, 9,6058
4,784, -11,7926, 5,27245, 5,00186, 4,17233, 0,66863, 5,209, 0,051, , , 5,14368, 0,88758, 2,845, -46,0024, 4,311, -5,3712, 4,699, -8,1416, 5,988, 4,9848
4,91624, -11,52795, 5,40428, 5,25031, 4,29098, 0,90621, 5,38288, 0,4354, , , 5,22583, 0,46522, 2,912, -47,7848, 4,409, 0,8872, 4,806, -7,3708, 6,124, 0,989
5,0559, -12,38509, 5,56859, 4,19441, 4,34945, 2,0413, 5,5128, 0,64736, , , 5,32518, 0,25404, 2,979, -48,8386, 4,507, 4,5888, 4,913, -6,5964, 6,26, -0,6752
5,18095, -12,28571, 5,623, 4,9912, 4,46809, 2,25248, 5,69163, 0,97034, , , 5,4551, 0,04286, 3,046, -48,9084, 4,605, 5,8472, 5,019, -8,553, 6,396, -2,112
5,23616, -12,70807, 5,743, 4,8582, 4,58674, 2,49006, 5,82308, 1,08137, , , 5,61941, 0,04286, 3,113, -47,9284, 4,703, 2,8414, 5,126, -8,853, 6,532, -2,9806
5,37583, -13,03106, 5,862, 3,4752, 4,67616, 2,72764, 5,90409, 1,29332, , , 5,76844, 0,25404, 3,18, -46,1246, 4,801, 2,507, 5,233, -9,2716, 6,668, -3,8496
5,488, -12,2802, 5,982, 2,273, 4,77933, 3,1764, 5,9851, 0,86941, , , , , 3,247, -43,3556, 4,899, 1,4328, 5,34, -7,756, 6,805, -4,6044
5,62755, -12,81988, 6,101, 1,6856, 4,85327, 3,62516, 6,08292, 0,54643, , , , , 3,313, -39,7252, 4,997, 0,813, 5,447, -6,1292, 6,941, -4,507
5,80943, -12,38509, 6,221, 1,555, 4,92721, 3,86273, 6,21284, 0,75839, , , , , 3,38, -35,6026, 5,095, -0,2612, 5,553, -2,1678, 7,077, -5,9446
5,87927, -12,06211, 6,39014, 2,05155, 5,04585, 4,31149, 6,29385, 0,4354, , , , , 3,447, -31,338, 5,193, -0,1954, 5,66, -2,305, 7,213, -6,3018
5,9491, -12,70807, 6,46, 1,7106, 5,16278, 4,07391, 6,4253, 0,32438, , , , , 3,514, -26,733, 5,291, -0,1868, 5,767, -3,2944, 7,349, -7,2842
6,07415, -12,17391, 6,58, 2,0896, 5,23672, 4,07391, , , , , , , 3,581, -22,2132, 5,389, 0,3908, 5,874, -4,736, 7,485, -7,6986
6,15859, -12,49689, 6,7, 2,411, 5,35537, 4,31149, , , , , , , 3,648, -18,0624, 5,487, 1,6492, 5,981, -5,099, 7,621, -7,7712
6,28364, -12,70807, 6,819, 2,6294, 5,44478, 3,1764, , , , , , , 3,715, -14,139, 5,584, 3,5892, 6,087, -5,062, 7,757, -5,2858
, , 6,939, 2,6118, 5,56171, 3,1764, , , , , , , 3,782, -10,5844, 5,682, 5,5854, 6,194, -6,107, 7,893, -3,8804
, , 7,059, 2,3658, 5,65113, 2,49006, , , , , , , 3,849, -7,6544, 5,78, 5,082, 6,301, -5,3918, 8,029, 0,481
, , 7,178, 2,529, 5,76977, 2,49006, , , , , , , 3,90027, -3,54348, 5,878, 3,7804, 6,408, -5,74375, 8,165, 3,3074
, , 7,298, 2,3508, 5,85747, 2,49006, , , , , , , 3,96599, -0,17391, 5,976, 2,804, 6,514, -6,59, 8,302, 1,2444
, , 7,417, 2,3332, 5,94689, 2,93882, , , , , , , 4,00573, 2,23913, 6,074, 1,15467, , , 8,438, -0,761
, , 7,537, 2,9406, 6,06553, 2,49006, , , , , , , 4,0577, 3,73913, , , , , 8,574, -2,0276
, , 7,657, 3,1935, 6,1687, 1,80373, , , , , , , 4,12342, 5,80435, , , , , 8,71, -5,2274
, , 7,776, 3,435, 6,22717, 1,35497, , , , , , , 4,17692, 6,91304, , , , , 8,846, -5,413
, , , , 6,33206, 2,0413, , , , , , , 4,29461, 8,04348, , , , , 8,982, -4,5192
, , , , 6,46446, 1,80373, , , , , , , 4,40008, 7,30435, , , , , 9,118, -4,28575
, , , , 6,56763, 1,80373, , , , , , , 4,49178, 5,97826, , , , , 9,254, -5,161
, , , , 6,67081, 1,59255, , , , , , , 4,54375, 4,5, , , , , , 
, , , , 6,74475, 2,49006, , , , , , , 4,60948, 2,80435, , , , , , 
, , , , 6,83416, 1,59255, , , , , , , 4,652, 1,6604, , , , , , 
, , , , , , , , , , , , 4,719, 1,2128, , , , , , 
, , , , , , , , , , , , 4,786, -0,3418, , , , , , 
, , , , , , , , , , , , 4,86015, -0,73913, , , , , , 
, , , , , , , , , , , , 4,92587, -0,93478, , , , , , 
, , , , , , , , , , , , 5,00382, -1,30435, , , , , , 
, , , , , , , , , , , , 5,0833, -0,93478, , , , , , 
, , , , , , , , , , , , 5,121, -0,8318, , , , , , 
, , , , , , , , , , , , 5,187, -0,3908, , , , , , 
, , , , , , , , , , , , 5,254, 0,5044, , , , , , 
, , , , , , , , , , , , 5,38594, 1,5, , , , , , 
, , , , , , , , , , , , 5,45166, 2,06522, , , , , , 
, , , , , , , , , , , , 5,50363, 2,43478, , , , , , 
, , , , , , , , , , , , 5,58311, 2,80435, , , , , , 
, , , , , , , , , , , , 5,64883, 2,43478, , , , , , 
, , , , , , , , , , , , 5,71456, 2,43478, , , , , , 
, , , , , , , , , , , , 5,76653, 2,80435, , , , , , 
, , , , , , , , , , , , 5,80627, 2,63043, , , , , , 
, , , , , , , , , , , , 5,89797, 1,69565, , , , , , 
, , , , , , , , , , , , 5,924, 0,6318, , , , , , 
, , , , , , , , , , , , 6,01567, 0,56522, , , , , , 
, , , , , , , , , , , , 6,08139, 0, , , , , , 
, , , , , , , , , , , , 6,1731, -0,36957, , , , , , 
, , , , , , , , , , , , 6,26634, -0,93478, , , , , , 
, , , , , , , , , , , , 6,33206, -0,56522, , , , , , 
, , , , , , , , , , , , 6,41001, -0,93478, , , , , , 
, , , , , , , , , , , , --, , , , , , , 
, , , , , , , , , , , , --, , , , , , , 
, , , , , , , , , , , , --, , , , , , , 
