X00005, h00005, X0001, h0001, X0005, h0005, X0010, h0010, X0015, h0015, X00153, h00153, X003, h003, X005, h005, X01, h01, X05, h05
0, 6,68367, 0, -0,64367, 0, -11,692, 0, -12,52633, 0, -7,08733, 0, 65,33567, 0, -1,18733, 0, 0,43333, 0, 4,37533, 0, 34,78067
0,098, 6,30975, 0,106, 0,2375, 0,131, -10,092, 0,119, -10,51375, 0,138, -10,25725, 0,102, 60,182, 0,13, -2,36925, 0,123, -0,46925, 0,114, 5,16175, 0,1, 33,92575
0,196, 6,7452, 0,212, 1,3446, 0,263, -8,497, 0,238, -9,6106, 0,276, -10,1326, 0,204, 59,5028, 0,26, -2,6178, 0,246, -2,2102, 0,227, 5,6458, 0,199, 33,2978
0,294, 7,4006, 0,318, 1,0088, 0,394, -7,9606, 0,356, -7,8576, 0,414, -12,8312, 0,306, 55,8182, 0,389, -2,8216, 0,369, -4,3158, 0,341, 5,8692, 0,299, 32,6692
0,392, 7,0696, 0,424, -3,8894, 0,526, -7,7414, 0,475, -7,559, 0,552, -13,1016, 0,408, 52,7116, 0,519, -4,436, 0,491, -7,0568, 0,454, 6,2762, 0,399, 34,7682
0,49, 5,3768, 0,529, -5,8052, 0,657, -6,812, 0,594, -7,1898, 0,691, -13,713, 0,51, 53,2462, 0,649, -4,518, 0,614, -6,3642, 0,568, 6,1998, 0,498, 35,1042
0,588, 3,7972, 0,635, -7,0102, 0,788, -7,9272, 0,713, -9,2068, 0,829, -12,5052, 0,613, 54,1566, 0,779, -4,2582, 0,737, -5,5294, 0,681, 6,3508, 0,598, 35,4976
0,686, 1,5932, 0,741, -8,015, 0,92, -9,6678, 0,831, -9,4766, 0,967, -13,2304, 0,715, 52,6828, 0,908, -4,8484, 0,86, -3,877, 0,795, 6,4454, 0,697, 36,6308
0,784, -1,124, 0,847, -8,6806, 1,051, -10,0038, 0,95, -10,5286, 1,105, -14,126, 0,817, 50,9634, 1,038, -4,7008, 0,983, -3,4964, 0,908, 6,9382, 0,797, 37,2516
0,882, -2,2482, 0,953, -4,998, 1,182, -8,0264, 1,069, -10,6712, 1,243, -14,2258, 0,919, 50,082, 1,168, -2,9356, 1,106, -1,0158, 1,022, 6,4076, 0,897, 34,2914
0,98, -2,6926, 1,059, -3,9904, 1,314, -6,9572, 1,188, -11,9066, 1,381, -13,4734, 1,021, 50,6888, 1,298, -1,9936, 1,229, -0,0678, 1,135, 5,9334, 0,996, 32,8092
1,078, -3,4948, 1,165, -4,2, 1,445, -6,1722, 1,307, -12,119, 1,519, -14,8808, 1,123, 50,9922, 1,427, 1,2732, 1,352, 0,2792, 1,249, 5,4876, 1,096, 29,7338
1,176, -4,8078, 1,271, -3,3594, 1,577, -4,8762, 1,425, -13,9658, 1,657, -14,5828, 1,225, 52,1772, 1,557, 4,9922, 1,474, -0,078, 1,362, 4,928, 1,196, 29,3312
1,274, -4,4146, 1,376, -2,6876, 1,708, -2,2866, 1,544, -14,4054, 1,795, -14,171, 1,327, 53,073, 1,687, 8,4274, 1,597, 2,0898, 1,476, 4,482, 1,295, 19,8882
1,372, -4,7634, 1,482, -5,8242, 1,839, -2,1806, 1,663, -14,1632, 1,933, -13,3044, 1,429, 53,6366, 1,817, 10,9846, 1,72, 3,2364, 1,589, 4,7758, 1,395, 6,6354
1,47, -4,428, 1,588, -6,5748, 1,971, -1,4792, 1,782, -13,624, 2,072, -10,0502, 1,531, 56,1074, 1,946, 14,7072, 1,843, 4,2366, 1,703, 4,9848, 1,494, -9,4026
1,568, -3,9058, 1,694, -6,7848, 2,102, 1,7214, 1,9, -11,6642, 2,21, -4,8634, 1,634, 59,633, 2,076, 16,3022, 1,966, 5,3548, 1,816, 4,2556, 1,594, -27,5434
1,666, -4,4656, 1,8, -9,3524, 2,234, 5,3768, 2,019, -9,3196, 2,348, -0,0176, 1,736, 62,1038, 2,206, 18,351, 2,089, 8,573, 1,93, 3,9524, 1,694, -54,215
1,764, -7,4114, 1,906, -9,79, 2,365, 8,9894, 2,138, -6,7926, 2,486, 5,1694, 1,838, 66,0918, 2,336, 19,5206, 2,212, 11,394, 2,043, 3,138, 1,793, -76,6218
1,861, -8,0824, 2,012, -6,5338, 2,496, 13,9206, 2,257, -6,0824, 2,624, 9,3328, 1,94, 69,9642, 2,465, 20,6882, 2,335, 12,7112, 2,157, 3,346, 1,893, -98,0628
1,959, -9,3798, 2,118, -3,845, 2,628, 18,5962, 2,376, -3,3412, 2,762, 12,4168, 2,042, 72,623, 2,595, 21,4, 2,457, 12,666, 2,27, 3,8668, 1,993, -117,2872
2,057, -11,1328, 2,223, -4,2542, 2,759, 21,9094, 2,494, -0,5304, 2,9, 15,1028, 2,144, 74,6026, 2,725, 21,6866, 2,58, 13,1318, 2,384, 4,7002, 2,092, -132,0756
2,155, -8,509, 2,329, -3,361, 2,89, 24,285, 2,613, 2,5078, 3,038, 16,3676, 2,246, 77,2758, 2,855, 21,521, 2,703, 12,1784, 2,497, 5,9038, 2,192, -141,5184
2,253, -2,8904, 2,435, -3,0314, 3,022, 25,5108, 2,732, 5,4208, 3,176, 17,5184, 2,348, 78,822, 2,985, 21,4702, 2,826, 10,1186, 2,611, 7,05, 2,291, -145,6746
2,351, 1,5352, 2,541, -3,468, 3,153, 25,673, 2,851, 10,3208, 3,315, 18,385, 2,45, 80,426, 3,114, 21,476, 2,949, 8,4226, 2,724, 7,0026, 2,391, -145,7922
2,449, 11,3618, 2,647, -5,0704, 3,285, 25,9214, 2,969, 13,5872, 3,453, 19,1946, 2,552, 81,582, 3,244, 22,4754, 3,072, 6,2206, 2,838, 5,6202, 2,491, -143,6356
2,547, 24,9964, 2,753, -4,4852, 3,416, 25,8, 3,088, 15,931, 3,591, 19,8906, 2,655, 82,4924, 3,374, 23,1056, 3,195, 3,0834, 2,951, 3,2704, 2,59, -142,049
2,645, 39,2596, 2,859, -1,0016, 3,547, 25,8778, 3,207, 19,8098, 3,729, 20,8142, 2,757, 82,9692, 3,504, 23,3654, 3,318, -0,0258, 3,065, -1,1548, 2,69, -140,5186
2,743, 54,1648, 2,965, 3,5904, 3,679, 25,5142, 3,326, 20,6328, 3,867, 22,022, 2,859, 82,4924, 3,633, 23,7652, 3,44, -2,9412, 3,178, -6,1202, 2,79, -139,3292
2,841, 69,9232, 3,07, 11,3372, 3,81, 24,68, 3,444, 21,3422, 4,005, 22,9458, 2,961, 81,9576, 3,763, 22,917, 3,563, -4,6598, 3,292, -12,3362, 2,889, -138,481
2,939, 81,3604, 3,176, 21,1866, 3,941, 22,9362, 3,563, 21,7554, 4,143, 23,1872, 3,063, 81,3652, 3,893, 21,4744, 3,686, -4,931, 3,405, -19,0634, 2,989, -138,4288
3,037, 89,4452, 3,282, 32,1448, 4,073, 20,7384, 3,682, 21,4426, 4,281, 22,6892, 3,165, 80,5704, 4,023, 18,6994, 3,809, -3,1038, 3,519, -27,0708, 3,088, -138,2628
3,135, 92,1846, 3,388, 40,5746, 4,204, 16,9494, 3,801, 19,2548, 4,419, 21,6224, 3,267, 79,8624, 4,152, 15,4418, 3,932, -1,0542, 3,632, -35,7038, 3,188, -138,3804
3,233, 88,6144, 3,494, 48,8624, 4,336, 12,4944, 3,92, 19,7808, 4,558, 19,1344, 3,369, 80,2958, 4,282, 12,0146, 4,055, 1,7094, 3,746, -45,0476, 3,288, -138,498
3,331, 79,13, 3,6, 56,1498, 4,467, 8,6804, 4,038, 19,3544, 4,696, 15,8506, 3,471, 81,1918, 4,412, 10,545, 4,178, 4,7854, 3,86, -54,8182, 3,387, -138,1046
3,429, 64,8712, 3,706, 62,0216, 4,598, 5,2076, 4,157, 19,0408, 4,834, 11,941, 3,573, 82,1598, 4,542, 7,7118, 4,301, 7,3222, 3,973, -64,134, 3,487, -135,322
3,527, 48,093, 3,812, 64,6534, 4,73, 1,3944, 4,276, 18,9994, 4,972, 8,9414, 3,676, 83,6192, 4,671, 5,9552, 4,423, 8,8664, 4,087, -71,3464, 3,587, -127,5926
3,625, 30,635, 3,918, 64,784, 4,861, -1,453, 4,395, 18,616, 5,11, 6,283, 3,778, 85,0352, 4,801, 4,6248, 4,546, 10,3818, 4,2, -75,3746, 3,686, -112,5296
3,723, 16,5872, 4,023, 62,3572, 4,993, -2,044, 4,513, 17,8486, 5,248, 4,0792, 3,88, 85,8588, 4,931, 3,2106, 4,669, 10,6492, 4,314, -77,5264, 3,786, -94,224
3,821, 6,1208, 4,129, 55,6108, 5,124, -3,9276, 4,632, 17,1814, 5,386, 1,08, 3,982, 86,928, 5,061, 0,5784, 4,792, 9,9512, 4,427, -75,5836, 3,885, -73,6444
3,919, -0,5354, 4,235, 47,4716, 5,255, -6,6646, 4,751, 14,7538, 5,524, -2,2596, 4,084, 87,1882, 5,191, -0,7202, 4,915, 8,4872, 4,541, -71,7644, 3,985, -52,3262
4,017, -4,1612, 4,341, 36,5146, 5,387, -7,016, 4,87, 11,8268, 5,662, -7,3052, 4,186, 86,3502, 5,32, -1,1964, 5,038, 6,7344, 4,654, -65,557, 4,085, -32,9972
4,115, -4,5478, 4,447, 26,8408, 5,518, -6,3448, 4,989, 8,2194, 5,8, -11,0996, 4,288, 86,5814, 5,45, -1,8706, 5,161, 4,0792, 4,768, -57,9286, 4,184, -17,9344
4,213, -3,97, 4,553, 17,3944, 5,649, -6,85, 5,107, 5,2236, 5,939, -16,998, 4,39, 88,0552, 5,58, -2,4618, 5,284, 1,6794, 4,881, -48,0824, 4,284, -3,8962
4,311, -3,6744, 4,659, 7,7786, 5,781, -6,9726, 5,226, 1,3326, 6,077, -18,3488, 4,492, 85,1942, 5,71, -2,4304, 5,406, -0,8622, 4,995, -38,5776, 4,384, 8,7776
4,409, -4,232, 4,765, -1,1552, 5,912, -5,2474, 5,345, -0,8544, 6,215, -17,6528, 4,594, 82,391, 5,839, -3,2508, 5,529, -3,0684, 5,108, -28,561, 4,483, 19,0074
4,507, -3,0858, 4,87, -4,2632, 6,044, -4,9714, 5,464, 0,0134, 6,353, -15,8196, 4,697, 79,6456, 5,969, -3,246, 5,652, -4,929, 5,222, -18,914, 4,583, 26,1658
4,605, -2,055, 4,976, -8,394, 6,175, -4,553, 5,582, 0,6656, 6,491, -15,2378, 4,799, 75,5998, 6,099, -3,1665, 5,775, -6,7902, 5,335, -10,4614, 4,683, 30,3128
4,703, -2,344, 5,082, -10,791, 6,306, -4,6622, 5,701, 1,3184, 6,629, -13,12, 4,901, 70,4704, 6,229, -2,902, 5,898, -7,403, 5,449, -3,7148, 4,782, 32,1282
4,801, -1,4998, 5,188, -8,7844, 6,438, -3,95225, 5,82, 1,447, 6,767, -12,8786, 5,003, 67,9562, , , 6,021, -7,3394, 5,562, 2,2638, 4,882, 32,0512
4,899, 0,0842, 5,294, -7,6304, 6,569, -3,63867, 5,939, 0,3816, 6,905, -12,865, 5,105, 66,2656, , , 6,144, -6,9304, 5,676, 7,0482, 4,981, 31,9165
4,997, 0,7574, 5,4, -6,9604, , , 6,058, -2,942, 7,043, -12,6238, 5,207, 65,1818, , , 6,267, -6,493, 5,789, 9,4734, 5,081, 31,50467
5,095, 1,3772, 5,506, -4,5566, , , 6,176, -4,915, 7,182, -12,7806, 5,309, 64,7194, , , 6,389, -5,9136, 5,903, 11,1326, , 
5,193, 2,7502, 5,612, -5,7382, , , 6,295, -8,763, 7,32, -10,2654, 5,411, 63,6646, , , 6,512, -6,361, 6,016, 11,6822, , 
5,291, 2,8168, 5,717, -7,3406, , , 6,414, -10,2124, 7,458, -9,9676, 5,513, 63,549, , , 6,635, -6,67325, 6,13, 10,6682, , 
5,389, 2,4302, 5,823, -5,874, , , 6,533, -8,7064, 7,596, -10,4086, 5,615, 62,4796, , , 6,758, -7,41667, 6,243, 9,6826, , 
5,487, 0,9662, 5,929, -5,8846, , , 6,651, -8,4642, 7,734, -10,6224, 5,718, 62,075, , , , , 6,357, 9,1798, , 
5,584, -0,5578, 6,035, -5,5548, , , 6,77, -8,777, 7,872, -10,5516, 5,82, 60,7166, , , , , 6,47, 7,882, , 
5,682, -3,0482, 6,141, -4,3722, , , 6,889, -7,101, 8,01, -11,8525, 5,922, 60,236, , , , , 6,584, 6,896, , 
5,78, -6,3896, 6,247, -5,7756, , , 7,008, -6,064, 8,148, -11,997, 6,024, 59,387, , , , , 6,697, 6,3652, , 
5,878, -6,1696, 6,353, -10,1624, , , 7,127, -8,3656, , , , , , , , , 6,811, 5,664, , 
5,976, -6,58175, 6,459, -14,0378, , , 7,245, -6,9742, , , , , , , , , 6,924, 4,9916, , 
6,074, -7,99067, 6,565, -16,606, , , 7,364, -5,4252, , , , , , , , , 7,038, 4,4898, , 
, , 6,67, -15,5088, , , 7,483, -5,6948, , , , , , , , , 7,151, 5,7218, , 
, , 6,776, -13,6158, , , 7,602, -5,5525, , , , , , , , , 7,265, 5,9014, , 
, , 6,882, -9,7672, , , 7,72, -2,72533, , , , , , , , , 7,378, 6,6496, , 
, , 6,988, -5,0898, , , , , , , , , , , , , 7,492, 7,0282, , 
, , 7,094, -3,1112, , , , , , , , , , , , , 7,606, 7,549, , 
, , 7,2, -2,1282, , , , , , , , , , , , , 7,719, 6,9898, , 
, , 7,306, -2,3954, , , , , , , , , , , , , 7,833, 7,71, , 
, , 7,412, -4,9926, , , , , , , , , , , , , 7,946, 7,947, , 
, , 7,517, -5,6286, , , , , , , , , , , , , 8,06, 8,2404, , 
, , 7,623, -3,7966, , , , , , , , , , , , , 8,173, 7,965, , 
, , 7,729, -5,336, , , , , , , , , , , , , 8,287, 7,2632, , 
, , 7,835, -4,132, , , , , , , , , , , , , 8,4, 6,1924, , 
, , , , , , , , , , , , , , , , 8,514, 5,1784, , 
, , , , , , , , , , , , , , , , 8,627, 4,3354, , 
, , , , , , , , , , , , , , , , 8,741, 3,72, , 
, , , , , , , , , , , , , , , , 8,854, 2,7914, , 
, , , , , , , , , , , , , , , , 8,968, 1,665, , 
, , , , , , , , , , , , , , , , 9,081, 1,037, , 
, , , , , , , , , , , , , , , , 9,195, 0,25367, , 
